﻿Taula de vida completa. Tots dos sexes
Catalunya. 2012-2016
Font: Idescat.
Institut d'Estadística de Catalunya
http://www.idescat.cat/pub/?id=iev&n=8661&t=201400&lang=en
;nPx;nDx;nMx;nqx;nax;lx;ndx;nLx;Tx;ex
0;73510;190;0,00259;0,00258;0,10;100000;258;99767;8306210;83,06
1;76706;17;0,00022;0,00022;0,42;99742;22;99729;8206443;82,28
2;78872;8;0,00011;0,00011;0,44;99720;11;99714;8106714;81,29
3;81690;8;0,00010;0,00010;0,46;99710;10;99704;8007000;80,30
4;83814;7;0,00009;0,00009;0,54;99700;9;99696;7907295;79,31
5;84608;7;0,00009;0,00009;0,54;99691;9;99687;7807599;78,32
6;84592;6;0,00007;0,00007;0,51;99683;7;99679;7707912;77,32
7;84018;4;0,00005;0,00005;0,54;99676;5;99674;7608233;76,33
8;82685;7;0,00008;0,00008;0,53;99671;8;99667;7508559;75,33
9;80707;10;0,00012;0,00012;0,49;99663;12;99657;7408892;74,34
10;78696;5;0,00007;0,00007;0,51;99651;7;99648;7309235;73,35
11;76795;7;0,00009;0,00009;0,49;99644;9;99640;7209587;72,35
12;74950;7;0,00010;0,00010;0,48;99636;10;99631;7109947;71,36
13;72981;5;0,00007;0,00007;0,46;99626;7;99623;7010316;70,37
14;71382;8;0,00011;0,00011;0,51;99620;11;99615;6910694;69,37
15;70135;9;0,00012;0,00012;0,53;99609;12;99603;6811079;68,38
16;68835;11;0,00015;0,00015;0,47;99597;15;99589;6711476;67,39
17;67808;10;0,00014;0,00014;0,50;99582;14;99575;6611887;66,40
18;67857;14;0,00020;0,00020;0,49;99567;20;99557;6512313;65,41
19;68445;16;0,00024;0,00024;0,50;99547;24;99535;6412755;64,42
20;69303;19;0,00027;0,00027;0,50;99523;27;99510;6313220;63,43
21;70611;16;0,00023;0,00023;0,47;99496;23;99484;6213710;62,45
22;72200;20;0,00028;0,00028;0,51;99474;28;99460;6114226;61,47
23;74172;20;0,00027;0,00027;0,48;99445;27;99431;6014766;60,48
24;76311;22;0,00029;0,00029;0,47;99418;28;99403;5915335;59,50
25;78761;21;0,00027;0,00027;0,49;99390;27;99376;5815932;58,52
26;81750;25;0,00030;0,00030;0,47;99363;30;99347;5716556;57,53
27;85131;24;0,00028;0,00028;0,52;99333;28;99320;5617209;56,55
28;88718;26;0,00029;0,00029;0,52;99306;29;99292;5517889;55,56
29;92999;34;0,00036;0,00036;0,45;99276;36;99257;5418597;54,58
30;98071;34;0,00034;0,00034;0,51;99240;34;99224;5319341;53,60
31;103494;36;0,00035;0,00035;0,43;99206;35;99187;5220117;52,62
32;109246;39;0,00036;0,00036;0,49;99172;36;99153;5120930;51,64
33;115280;46;0,00040;0,00040;0,47;99136;40;99115;5021777;50,66
34;121155;54;0,00045;0,00045;0,50;99096;44;99074;4922662;49,68
35;126336;53;0,00042;0,00042;0,51;99052;42;99032;4823588;48,70
36;130636;63;0,00048;0,00048;0,50;99010;48;98987;4724556;47,72
37;133560;68;0,00051;0,00051;0,51;98963;50;98938;4625570;46,74
38;134667;76;0,00057;0,00057;0,49;98913;56;98884;4526631;45,76
39;133999;87;0,00065;0,00065;0,50;98857;64;98825;4427748;44,79
40;132370;89;0,00067;0,00067;0,48;98792;66;98758;4328923;43,82
41;129962;103;0,00079;0,00079;0,49;98726;78;98686;4230165;42,85
42;127000;111;0,00088;0,00088;0,50;98648;86;98605;4131478;41,88
43;124054;128;0,00103;0,00103;0,49;98562;101;98510;4032873;40,92
44;121519;153;0,00126;0,00125;0,48;98460;124;98396;3934363;39,96
45;119386;158;0,00133;0,00133;0,48;98337;130;98269;3835967;39,01
46;117332;153;0,00131;0,00131;0,49;98206;128;98141;3737698;38,06
47;115652;193;0,00167;0,00167;0,49;98078;164;97994;3639558;37,11
48;113959;236;0,00207;0,00207;0,49;97914;203;97811;3541564;36,17
49;111369;235;0,00211;0,00211;0,50;97712;206;97610;3443753;35,24
50;108531;231;0,00213;0,00213;0,50;97506;208;97401;3346144;34,32
51;105843;279;0,00264;0,00264;0,49;97298;256;97166;3248743;33,39
52;103111;308;0,00299;0,00298;0,49;97041;290;96895;3151577;32,48
53;100772;313;0,00310;0,00310;0,50;96752;300;96602;3054682;31,57
54;98955;341;0,00345;0,00344;0,50;96452;332;96285;2958080;30,67
55;96839;350;0,00362;0,00361;0,48;96120;347;95940;2861796;29,77
56;94268;394;0,00418;0,00417;0,49;95773;400;95571;2765855;28,88
57;91389;405;0,00443;0,00442;0,51;95373;421;95165;2670285;28,00
58;88540;434;0,00490;0,00489;0,50;94952;464;94718;2575120;27,12
59;86029;458;0,00532;0,00531;0,50;94488;501;94237;2480402;26,25
60;83806;479;0,00571;0,00570;0,50;93987;535;93717;2386165;25,39
61;81636;513;0,00628;0,00626;0,49;93451;585;93154;2292448;24,53
62;80005;530;0,00662;0,00660;0,49;92866;613;92556;2199294;23,68
63;79511;568;0,00714;0,00711;0,49;92253;656;91918;2106738;22,84
64;78781;599;0,00760;0,00757;0,48;91597;693;91235;2014821;22,00
65;77276;641;0,00829;0,00826;0,49;90903;751;90522;1923585;21,16
66;76348;684;0,00895;0,00891;0,48;90153;803;89738;1833063;20,33
67;75191;713;0,00948;0,00944;0,49;89349;843;88920;1743325;19,51
68;72588;785;0,01081;0,01075;0,49;88506;952;88020;1654405;18,69
69;69062;803;0,01163;0,01156;0,49;87554;1012;87037;1566385;17,89
70;65334;825;0,01263;0,01255;0,49;86542;1086;85989;1479349;17,09
71;62753;875;0,01394;0,01384;0,48;85456;1183;84841;1393360;16,30
72;58634;890;0,01518;0,01506;0,49;84273;1269;83630;1308519;15,53
73;53189;889;0,01671;0,01657;0,49;83004;1376;82301;1224889;14,76
74;50723;978;0,01929;0,01909;0,48;81628;1559;80817;1142589;14,00
75;50708;1075;0,02120;0,02097;0,48;80070;1679;79190;1061772;13,26
76;49729;1178;0,02368;0,02340;0,49;78391;1834;77447;982583;12,53
77;49744;1346;0,02705;0,02667;0,48;76557;2042;75493;905135;11,82
78;51417;1545;0,03004;0,02958;0,47;74515;2204;73356;829642;11,13
79;51203;1747;0,03412;0,03353;0,48;72311;2425;71055;756285;10,46
80;49315;1888;0,03829;0,03754;0,48;69886;2624;68518;685231;9,80
81;47018;2038;0,04334;0,04239;0,48;67262;2851;65784;616712;9,17
82;44487;2227;0,05007;0,04879;0,48;64411;3143;62768;550929;8,55
83;41329;2423;0,05864;0,05689;0,48;61268;3486;59442;488160;7,97
84;37793;2480;0,06563;0,06346;0,48;57783;3667;55876;428718;7,42
85;34275;2615;0,07631;0,07337;0,48;54116;3970;52033;372842;6,89
86;30720;2683;0,08734;0,08354;0,48;50145;4189;47961;320808;6,40
87;27167;2695;0,09921;0,09433;0,48;45956;4335;43697;272848;5,94
88;23760;2678;0,11273;0,10643;0,47;41621;4430;39294;229151;5,51
89;20432;2628;0,12864;0,12056;0,48;37192;4484;34857;189856;5,10
90;17172;2527;0,14718;0,13653;0,47;32708;4465;30340;155000;4,74
91;14021;2287;0,16312;0,15022;0,47;28242;4243;26009;124659;4,41
92;11103;2055;0,18512;0,16870;0,47;23999;4049;21871;98650;4,11
93;8472;1740;0,20535;0,18534;0,47;19951;3698;18007;76779;3,85
94;6327;1421;0,22456;0,20078;0,47;16253;3263;14532;58772;3,62
95 i més;14957;4392;0,29362;1,00000;0,48;12990;12990;44240;44240;3,41

