﻿Taula de vida completa. Tots dos sexes
Catalunya. 2013-2017
Font: Idescat.
Institut d'Estadística de Catalunya
http://www.idescat.cat/pub/?id=iev&n=8661&lang=en
;nPx;nDx;nMx;nqx;nax;lx;ndx;nLx;Tx;ex
0;71270;176;0,00246;0,00246;0,10;100000;246;99778;8323267;83,23
1;74265;16;0,00022;0,00022;0,42;99754;22;99741;8223489;82,44
2;76584;8;0,00010;0,00010;0,47;99732;10;99727;8123748;81,46
3;79021;8;0,00010;0,00010;0,41;99723;10;99717;8024020;80,46
4;81586;6;0,00008;0,00008;0,50;99712;8;99709;7924304;79,47
5;83673;6;0,00007;0,00007;0,53;99705;7;99702;7824595;78,48
6;84410;6;0,00008;0,00008;0,50;99698;8;99694;7724893;77,48
7;84406;4;0,00005;0,00005;0,57;99691;5;99689;7625199;76,49
8;83948;8;0,00009;0,00009;0,55;99686;9;99682;7525510;75,49
9;82598;8;0,00010;0,00010;0,46;99677;10;99671;7425829;74,50
10;80684;6;0,00007;0,00007;0,49;99666;7;99663;7326158;73,51
11;78728;6;0,00008;0,00008;0,46;99659;8;99655;7226495;72,51
12;76857;8;0,00010;0,00010;0,49;99651;10;99646;7126840;71,52
13;75087;5;0,00007;0,00007;0,44;99642;7;99638;7027193;70,52
14;73143;8;0,00010;0,00010;0,49;99634;10;99629;6927556;69,53
15;71595;8;0,00012;0,00012;0,52;99624;12;99618;6827927;68,54
16;70433;11;0,00015;0,00015;0,47;99612;15;99604;6728308;67,54
17;69256;11;0,00016;0,00016;0,53;99597;16;99590;6628704;66,56
18;68651;14;0,00021;0,00021;0,53;99582;21;99572;6529114;65,57
19;68786;17;0,00024;0,00024;0,50;99561;24;99549;6429542;64,58
20;69467;19;0,00027;0,00027;0,53;99537;27;99524;6329993;63,59
21;70491;15;0,00021;0,00021;0,48;99510;21;99499;6230469;62,61
22;71853;20;0,00028;0,00028;0,52;99489;28;99476;6130970;61,62
23;73678;19;0,00026;0,00026;0,49;99461;26;99448;6031494;60,64
24;75749;21;0,00028;0,00028;0,47;99436;28;99421;5932045;59,66
25;77872;20;0,00026;0,00026;0,52;99408;26;99396;5832625;58,67
26;80090;24;0,00030;0,00030;0,49;99382;30;99367;5733229;57,69
27;82752;22;0,00027;0,00027;0,54;99353;27;99340;5633862;56,71
28;85743;25;0,00029;0,00029;0,51;99326;29;99312;5534522;55,72
29;89081;32;0,00036;0,00036;0,47;99297;36;99278;5435210;54,74
30;93072;32;0,00035;0,00035;0,52;99261;34;99244;5335932;53,76
31;97774;33;0,00034;0,00034;0,47;99227;34;99208;5236688;52,78
32;103032;34;0,00033;0,00033;0,49;99193;33;99176;5137479;51,79
33;108561;45;0,00042;0,00042;0,46;99160;41;99138;5038303;50,81
34;114443;48;0,00042;0,00042;0,50;99119;41;99098;4939166;49,83
35;120295;47;0,00039;0,00039;0,50;99077;39;99058;4840068;48,85
36;125531;60;0,00048;0,00048;0,49;99039;47;99014;4741010;47,87
37;129686;64;0,00049;0,00049;0,51;98991;49;98968;4641996;46,89
38;132618;73;0,00055;0,00055;0,50;98942;54;98915;4543028;45,92
39;133653;84;0,00063;0,00063;0,49;98888;62;98856;4444113;44,94
40;133067;87;0,00066;0,00066;0,49;98826;65;98793;4345257;43,97
41;131492;99;0,00075;0,00075;0,49;98761;74;98723;4246464;43,00
42;129092;113;0,00087;0,00087;0,50;98686;86;98644;4147741;42,03
43;126140;121;0,00096;0,00096;0,50;98600;95;98553;4049097;41,07
44;123185;140;0,00113;0,00113;0,48;98506;112;98447;3950544;40,10
45;120801;155;0,00128;0,00128;0,48;98394;126;98329;3852097;39,15
46;118690;146;0,00123;0,00123;0,49;98268;120;98206;3753769;38,20
47;116568;187;0,00160;0,00160;0,50;98148;157;98068;3655562;37,25
48;114945;222;0,00193;0,00193;0,49;97990;189;97894;3557494;36,30
49;113214;220;0,00194;0,00194;0,50;97801;190;97706;3459600;35,37
50;110704;238;0,00215;0,00215;0,49;97611;209;97504;3361894;34,44
51;107857;275;0,00255;0,00255;0,48;97402;248;97273;3264389;33,51
52;105161;302;0,00287;0,00287;0,50;97154;279;97013;3167116;32,60
53;102471;302;0,00295;0,00294;0,50;96875;285;96732;3070103;31,69
54;100110;335;0,00335;0,00334;0,49;96589;323;96425;2973370;30,78
55;98276;351;0,00357;0,00356;0,50;96266;343;96094;2876945;29,89
56;96179;400;0,00415;0,00415;0,49;95923;398;95722;2780852;28,99
57;93573;402;0,00430;0,00429;0,50;95526;410;95321;2685130;28,11
58;90717;446;0,00492;0,00491;0,49;95116;467;94880;2589809;27,23
59;87866;469;0,00534;0,00532;0,50;94649;504;94398;2494929;26,36
60;85342;482;0,00565;0,00563;0,50;94145;530;93878;2400530;25,50
61;83155;517;0,00621;0,00619;0,49;93615;580;93320;2306652;24,64
62;80903;524;0,00647;0,00645;0,50;93035;600;92733;2213332;23,79
63;79273;564;0,00711;0,00708;0,49;92435;655;92102;2120599;22,94
64;78785;600;0,00762;0,00759;0,48;91780;696;91417;2028497;22,10
65;77996;659;0,00844;0,00841;0,50;91084;766;90698;1937080;21,27
66;76427;685;0,00896;0,00892;0,49;90318;806;89905;1846382;20,44
67;75504;706;0,00935;0,00931;0,49;89512;833;89088;1756477;19,62
68;74329;790;0,01062;0,01057;0,49;88679;937;88204;1667389;18,80
69;71686;823;0,01148;0,01141;0,49;87742;1001;87232;1579185;18,00
70;68124;835;0,01226;0,01218;0,49;86741;1057;86202;1491953;17,20
71;64402;886;0,01375;0,01365;0,48;85685;1170;85080;1405751;16,41
72;61756;905;0,01466;0,01455;0,49;84515;1230;83882;1320671;15,63
73;57626;949;0,01646;0,01633;0,50;83285;1360;82598;1236789;14,85
74;52185;980;0,01879;0,01861;0,48;81925;1524;81139;1154191;14,09
75;49653;1029;0,02073;0,02051;0,48;80401;1649;79544;1073051;13,35
76;49524;1145;0,02312;0,02285;0,49;78752;1800;77826;993507;12,62
77;48442;1295;0,02673;0,02637;0,49;76952;2029;75925;915682;11,90
78;48314;1417;0,02932;0,02888;0,48;74923;2164;73788;839756;11,21
79;49757;1681;0,03379;0,03321;0,48;72759;2416;71502;765968;10,53
80;49343;1873;0,03797;0,03724;0,48;70343;2619;68987;694466;9,87
81;47344;2034;0,04297;0,04204;0,48;67723;2847;66252;625478;9,24
82;44869;2194;0,04889;0,04768;0,48;64877;3093;63267;559227;8,62
83;42146;2417;0,05734;0,05568;0,48;61783;3440;59992;495960;8,03
84;38865;2502;0,06437;0,06230;0,48;58343;3635;56471;435968;7,47
85;35216;2626;0,07458;0,07181;0,48;54708;3928;52674;379497;6,94
86;31626;2697;0,08529;0,08168;0,48;50780;4148;48628;326824;6,44
87;28003;2739;0,09782;0,09313;0,48;46632;4343;44395;278196;5,97
88;24453;2717;0,11110;0,10502;0,48;42290;4441;39976;233801;5,53
89;21076;2681;0,12719;0,11931;0,48;37848;4516;35503;193825;5,12
90;17813;2615;0,14679;0,13628;0,47;33333;4542;30944;158323;4,75
91;14722;2360;0,16033;0,14785;0,47;28790;4257;26548;127378;4,42
92;11813;2166;0,18333;0,16724;0,48;24534;4103;22380;100830;4,11
93;9118;1885;0,20671;0,18665;0,48;20431;3813;18447;78451;3,84
94;6831;1549;0,22683;0,20287;0,48;16617;3371;14863;60003;3,61
95 i més;15934;4676;0,29344;1,00000;0,48;13246;13246;45141;45141;3,41

